159057056
159057057
159057064
159057054
159057049
159057065
159057076
159057070
159057094
159057089
159057099
159057158
159057110
159057237
159057271
159057249
159057350
159057269
159057289
159057285
159060934
159057585
159057563
159057498
159057470
159057460
159057385
159057122
159057068
159057063
159057104
159057098
159057160
159057202
159060984
159060999
159061012
159061023
159061020
159059070
159062334
159062267
159062343
159062224
159062190
159057197
159057457
159057497
159060918
159062191
159060924
159060967
159060982
159060996
159061015
159061018
159061318
159061622
159061433
159061028
159061064
159061065
159061083
159061116
159061605
159062015
159061273
159061738
159061154
159061220
159061758
159061453
159062024
159061575
159062047
159061684
159061850
159061886
159062021
159062155
159062159
159062192
159062194
159062262
159061067
159062283
159062266
159062278
159062309
159062342
159062597
159061165
159062593
159061842
159062381
159062880
159062977
159061047
159062902
159062476
159057126
159062892
159062931
159062932
159062794
159062493
159057113
159062897
159063177
159062910
159062985
159062999
159061404
159061502
159063089
159063130
159062987
159063107
159063345
159063745
159063075
159063083
159063318
159063543
159063626
159063665
159063501
159063725
159063474
159063683
159063535
159063649
159063337
159063577
159064426
159057052